<!DOCTYPE html>
<html lang="" xml:lang="">
  <head>
    <title>Análisis de Datos Categóricos (SOC3070)</title>
    <meta charset="utf-8" />
    <meta name="author" content="  Mauricio Bucca  Profesor Asistente, Sociología UC" />
    <script src="libs/header-attrs-2.27/header-attrs.js"></script>
    <link rel="stylesheet" href="gentle-r.css" type="text/css" />
    <link rel="stylesheet" href="xaringan-themer.css" type="text/css" />
  </head>
  <body>
    <textarea id="source">
class: center, middle, inverse, title-slide

.title[
# Análisis de Datos Categóricos (SOC3070)
]
.subtitle[
## Clase #13: Regresión Logística Multinomial - Estructura Teórica
]
.author[
### <br> Mauricio Bucca<br> Profesor Asistente, Sociología UC
]
.date[
### 28 October, 2024
]

---

class: inverse, center, middle



# Regresión Logística Multinomial


---
## Estructura de un modelo de regresión logística multinomial 

`$$\newcommand{\vect}[1]{\boldsymbol{#1}}$$`
Un modelo de regresión logística multinomial generaliza la regresión logística (binomial) a situaciones en que la variable dependiente es una .bold[variable discreta con dos o más valores no ordenados] (ejemplo: voto entre tres candidatos, elección de barrio, etc).

&lt;br&gt;
--

.bold[Configuración]

- Tenemos `\(n\)` observaciones (individuos) independientes: `\(i = 1, \dots, n\)`

--

- Para cada observación observamos datos `\(y_{i}, \dots , y_{n}\)` que actúan como variable dependiente, donde `\(y_{i} \in \{j:1,2, \cdots, J\}\)`
  
  - Las `\(J\)` categorías de `\(y_{i}\)` no siguen necesariamente un orden.

--

- Asumimos que estos datos son realizaciones de `\(n\)` variables aleatorias que siguen una distribución Multinomial con probabilidades desconocidas: `\(Y_{i} \sim \text{Multinomial}(\vect{p_{i}}: p_{1}, \dots, p_{J})\)`

--

- Dichas probabilidades, `\(\vect{p_{i}}\)`, varían de individuo en individuo en función de ciertas covariables.


---
## Distribución Multinomial

&lt;br&gt;
.bold[Distribución Multinomial:]

- Dado un experimento con resultados posibles `\(\{1,2, \dots, J\}\)`, con respectiva probabilidad de "éxito" `\(\{p_1,p_2, \dots, p_J\}\)` 

--

- Si repetimos el experimento `\(n\)` veces: ¿Cuál es la probabilidad de obtener la siguiente cantidad de éxitos en cada categoría: `\(\{n_1,n_2, \dots, n_J\}\)`, donde `\(n_1 + n_2 + \dots + n_J =n\)`?
  
&lt;br&gt;
--

.bold[Ejemplo]: Al tirar un dado justo 12 veces, ¿cuál es la probabilidad de obtener cada lado 2 veces?


``` r
dmultinom(x=c(2,2,2,2,2,2), size=12 ,p=c(1/6,1/6,1/6,1/6,1/6,1/6))
```

```
## [1] 0.003438286
```

---
## Distribución Multinomial (n=1)


.bold[Distribución Multinoulli o Categórica:]

Si la cantidad de intentos es igual a 1 (n=1), la probabilidad de éxito en una de las categorías (y fracaso en todas las otras) viene definida por la siguiente función de probabilidad:
 
--

`$$\quad \mathbb{P}(Y = j ) = p_{1}^{1[y=1]}p_{2}^{1[y=2]} \cdots p_{J}^{1[y=J]}    \quad \text{ donde } \quad y_{j} \in \{0,1\} \quad \text{y} \quad \sum^{J}_{j=1}1[y=j]=1$$`

--

.bold[Ejemplo]: Al tirar un dado justo 1 vez, ¿cuál es la probabilidad de obtener el número 4?


``` r
dmultinom(x=c(0,0,0,1,0,0), size=1 ,p=c(1/6,1/6,1/6,1/6,1/6,1/6))
```

```
## [1] 0.1666667
```

--

- En una regresión logística multinomial cada observación en la variable dependiente ( `\(y_{i}\)` ) viene de una distribución Multinoulli.

--

- Observamos los resultados ( `\(y_{i}=j\)` ) y queremos estimar las probabilidades que los generan, ( `\(p_{ij}\)` ).

--
 
- Específicamente, queremos estimar ( `\(p_{ij}\)` ) como un función de covariables , usando número de parámetros `\(k\)`, tal que `\(k&lt;n\)`.



---
## Regresión logística binomial


Una regresión logística binomial `\(y_{i} \in {0,1}\)`

.content-box-yellow[
`$$\ln \frac{\mathbb{P}(y_{i}=1)}{\mathbb{P}(y_{i}=0)} =   \ln \frac{p_{i}}{1 - p_{i}} = \beta_{0} + \beta_{1}x_{1i} + \dots + \beta_{k}x_{ki}$$`] 


&lt;br&gt;
--

Equivalentemente, podemos re-escribir el modelo como

&lt;br&gt;

`$$\ln \frac{\mathbb{P}(y_{i}=1)}{\mathbb{P}(y_{i}=0)} =   \ln \frac{p_{1i}}{p_{0i}} =  \beta_{0} + \beta_{1}x_{1i} + \dots + \beta_{k}x_{ki}$$`
&lt;br&gt;
--

Dado que `\(p_{0} + p_{1} = 1\)`, sólo necesitamos estimar una equación.


---
## Regresión logística multinomial, 3 categorías 


Si la variable dependiente toma tres valores, `\(y \in \{1,2,3\}\)`, y las probabilidades de obtener estos resultados son `\(p_{1},p_{2},p_{3}\)`, entonces podemos estimar estas tres probabilidades con dos modelos de regresión logística:

&lt;br&gt;
--

Usando `\(p_{3}\)` como categoría de referencia:


`$$(1) \quad \ln \frac{\mathbb{P}(y_{i}=1)}{\mathbb{P}(y_{i}=3)} =   \ln \frac{p_{1i}}{p_{3i}} =  \beta_{10} + \beta_{11}x_{1i} + \dots + \beta_{1k}x_{ki}$$`
--
&lt;br&gt; y

`$$(2) \quad \ln \frac{\mathbb{P}(y_{i}=2)}{\mathbb{P}(y_{i}=3)} =   \ln \frac{p_{2i}}{p_{3i}} =  \beta_{20} + \beta_{21}x_{1i} + \dots + \beta_{2k}x_{ki}$$`
&lt;br&gt;
--

Describimos `\(\{(p_{1},p_{2},p_{3})_{i}, \quad  \dots \quad ,(p_{1},p_{2},p_{3})_{n}\}\)` con `\(2(k + 1)\)` parámetros.

---
## Regresión logística multinomial, J-categorías 

Generalizando, si la variable dependiente toma, `\(J\)` valores -- `\(y \in \{1,2,\dots,J\}\)` -- , y las probabilidades de obtener estos resultados son `\(p_{1},p_{2},\dots,p_{J}\)`, entonces podemos estimar estas `\(J\)` probabilidades con  `\(J-1\)` modelos de regresión logística:

--

Usando `\(p_{J}\)` como categoría de referencia:

`$$(1) \quad \ln \frac{\mathbb{P}(y_{i}=1)}{\mathbb{P}(y_{i}=J)} =   \ln \frac{p_{1i}}{p_{Ji}} =  \beta_{10} + \beta_{11}x_{1i} + \dots + \beta_{1k}x_{ki}$$`
--

`$$(2) \quad \ln \frac{\mathbb{P}(y_{i}=2)}{\mathbb{P}(y_{i}=J)} =   \ln \frac{p_{2i}}{p_{Ji}} =  \beta_{20} + \beta_{21}x_{1i} + \dots + \beta_{2k}x_{ki}$$`
--

`$$\vdots$$`
--

`$$(J-1) \quad \ln \frac{\mathbb{P}(y_{i}=J-1)}{\mathbb{P}(y_{i}=J)} =   \ln \frac{p_{(J-1)i}}{p_{Ji}} =  \beta_{(J-1)0} + \beta_{(J-1)1}x_{1i} + \dots + \beta_{(J-1)k}x_{ki}$$`

---
## Regresión logística multinomial, J-categorías 

Una versión más compacta de lo expresado anteriormente lleva a la formulación estándar de un modelo de regresión multinomial:

&lt;br&gt;
--

.content-box-yellow[
`$$\underbrace{\ln \frac{\mathbb{P}(y_{i}=j)}{\mathbb{P}(y_{i}=J)}}_{\text{log odds = log relative probability}}=   \ln \frac{p_{ji}}{p_{Ji}} = \overbrace{ \beta_{j0} + \beta_{j1}x_{1i} + \dots + \beta_{jk}x_{ki}}^{\text{predictor lineal }j}$$`
]

&lt;br&gt;
--

Describimos `\(\{(p_{1},\dots,p_{J})_{i}, \quad  \dots \quad ,(p_{1},\dots,p_{J})_{n}\}\)` con `\((J-1)(k+1)\)` parámetros.

---
## Regresión logística multinomial, J-categorías 

De la formulación anterior es posible derivar el contraste en todos los restantes pares de categorías.
--

 Consideremos las categorías `\(a\)` y `\(b\)`:

--

`$$\ln \frac{p_{ai}}{p_{bi}} =  \ln \frac{p_{ai}/p_{Ji}}{p_{bi}/p_{Ji}} = \ln \frac{p_{ai}}{p_{Ji}} - \ln \frac{p_{bi}}{p_{Ji}}$$`
--
Por tanto,


`$$\ln \frac{p_{ai}}{p_{bi}} =  (\beta_{a0} + \beta_{a1}x_{1i} + \dots + \beta_{ak}x_{ki}) - (\beta_{b0} + \beta_{b1}x_{1i} + \dots + \beta_{bk}x_{ki})$$`
--
En resumen:

.content-box-yellow[
`$$\ln \frac{p_{ai}}{p_{bi}} =  (\beta_{a0} -\beta_{b0}) + (\beta_{a1} - \beta_{b1}) x_{1i} + \dots + (\beta_{ak} - \beta_{bk}) x_{ki}$$`
]

donde cada `\((\beta_{ak} -\beta_{bk})\)` es un coeficiente en si mismo.
---
## Regresión logística multinomial expresada como probabilidades

Dado

`$$\ln \frac{p_{ji}}{p_{Ji}} =  \beta_{j0} + \beta_{j1}x_{1i} + \dots + \beta_{jk}x_{ki}$$`
&lt;br&gt;
--

-  Exponenciando en ambos lados obtenemos la probabilidad "relativa" entre las categorías `\(j\)` y `\(J\)`:

`$$\frac{p_{ji}}{p_{Ji}} =  e^{\beta_{j0} + \beta_{j1}x_{1i} + \dots + \beta_{jk}x_{ki}}$$`
&lt;br&gt;
--

- Luego, la probabilidad de obtener la categoría `\(j\)` puede ser expresada como sigue:

`$$p_{ji}  =  p_{Ji} \cdot e^{\beta_{j0} + \beta_{j1}x_{1i} + \dots + \beta_{jk}x_{ki}}$$`

---
## Regresión logística multinomial expresada como probabilidades

La expresión `\(p_{ji}  =  p_{Ji} \cdot e^{\beta_{j0} + \beta_{j1}x_{1i} + \dots + \beta_{jk}x_{ki}}\)` significa que:


&lt;br&gt;
--


`$$p_{1i}  =  p_{Ji} \cdot e^{\beta_{10} + \beta_{11}x_{1i} + \dots + \beta_{1k}x_{ki}}$$`
&lt;br&gt;
--


`$$p_{2i}  =  p_{Ji} \cdot e^{\beta_{20} + \beta_{21}x_{1i} + \dots + \beta_{2k}x_{ki}}$$`
&lt;br&gt;
--

`$$\vdots$$`
&lt;br&gt;
--
`$$p_{(J-1)i}  =  p_{Ji} \cdot e^{\beta_{(J-1)0} + \beta_{(J-1)1}x_{1i} + \dots + \beta_{(J-1)k}x_{ki}}$$`

&lt;br&gt;
--


Luego, falta sólo determinar `\(p_{Ji}\)`.

---
## Regresión logística multinomial expresada como probabilidades


Para determinar `\(p_{Ji}\)` usamos los siguientes hechos:

--

.pull-left[
`$$\text{(1)} \quad p_{ji}  =  p_{Ji} \cdot e^{\beta_{j0} + \beta_{j1}x_{1i} + \dots + \beta_{jk}x_{ki}}$$`
]

.pull-right[
`$$\text{(2)} \quad   p_{1i} + p_{2i} + \dots + p_{Ji} = 1$$`
]

&lt;br&gt;
--

Combinando (1) y (2) obtenemos que:

`$$\sum^{J-1}_{j=1} p_{Ji} \cdot e^{\beta_{j0} + \beta_{j1}x_{1i} + \dots + \beta_{jk}x_{ki}} + p_{Ji} = 1, \quad \text{luego ... }$$`
--


`$$p_{Ji} \bigg(\sum^{J-1}_{j=1}  e^{\beta_{j0} + \beta_{j1}x_{1i} + \dots + \beta_{jk}x_{ki}} + 1 \bigg) = 1, \quad \text{por tanto ... }$$`

--

.content-box-yellow[
`$$p_{Ji} =\frac{1}{1 + \sum^{J-1}_{j=1}  e^{\beta_{j0} + \beta_{j1}x_{1i} + \dots + \beta_{jk}x_{ki}}}$$`
]

---
## Regresión logística multinomial expresada como probabilidades

Ahora sabemos que:

--

- `\(p_{Ji} =\frac{1}{1 + \sum^{J-1}_{j=1}  e^{\beta_{j0} + \beta_{j1}x_{1i} + \dots + \beta_{jk}x_{ki}}}\)` 

- `\(p_{ji}  =  p_{Ji} \cdot e^{\beta_{j0} + \beta_{j1}x_{1i} + \dots + \beta_{jk}x_{ki}}\)`

&lt;br&gt;
--
Combinando ambos resultados obtenemos:


.content-box-yellow[
`$$p_{ji} =\frac{e^{\beta_{j0} + \beta_{j1}x_{1i} + \dots + \beta_{jk}x_{ki}}}{1 + \sum^{J-1}_{j=1}  e^{\beta_{j0} + \beta_{j1}x_{1i} + \dots + \beta_{jk}x_{ki}}}$$`
]

---
class: inverse, center, middle

## Estimación

---
## Estimación


&lt;br&gt;
--

- Parámetros son estimados via MLE

--

- Alternativamente, minimizando función `\(softmax\)`  (ej, paquete `nnet` en `R`)

--

- Las `\(J-1\)` equaciones del modelo de regresión logística son estimadas simultáneamente, imponiendo la restricción: `\(\sum_{j}p_{i} = 1\)`  ("constrained optimization")

--

- Es posible estimar `\(J-1\)` regresiones logísticas separadamente pero no garantiza que `\(\sum_{j}p_{i} = 1\)`.



---
class: inverse, center, middle

## Regresión logística multinomial en la práctica

---
## Regresión logística multinomial en la práctica

Para ejemplificar el uso de regresión logística multinomial trabajaremos con los datos de intención de voto en el plebiscito de 1988. 


```
## # A tibble: 2,700 × 8
##    region population sex     age education income statusquo vote 
##    &lt;fct&gt;       &lt;int&gt; &lt;fct&gt; &lt;int&gt; &lt;fct&gt;      &lt;int&gt;     &lt;dbl&gt; &lt;fct&gt;
##  1 C          175000 F        64 P             NA     -1.80 U    
##  2 M           25000 M        27 S           7500     -1.74 &lt;NA&gt; 
##  3 SA         250000 F        21 PS         35000     -1.73 N    
##  4 SA         250000 F        42 S          35000     -1.48 &lt;NA&gt; 
##  5 SA         250000 M        27 S           7500     -1.34 N    
##  6 C          250000 F        22 S           7500     -1.33 N    
##  7 M           15000 M        34 P          15000     -1.33 N    
##  8 SA         250000 M        66 S          35000     -1.31 &lt;NA&gt; 
##  9 SA         250000 F        25 S          15000     -1.31 A    
## 10 S          250000 F        39 S          15000     -1.31 N    
## # ℹ 2,690 more rows
```

&lt;br&gt;
`vote`: (A) Abstención; (N) NO; (U) Indecisa; (Y) SI

`statusquo`: apoyo al status-quo (+)

---
## Regresión logística multinomial en la práctica


``` r
mlogit_vote_sq &lt;- multinom(vote ~ statusquo, trace=F, data=plebs_1988); 
summary(mlogit_vote_sq)
```

```
## Call:
## multinom(formula = vote ~ statusquo, data = plebs_1988, trace = F)
## 
## Coefficients:
##   (Intercept) statusquo
## N   0.4944577 -1.732813
## U   1.1683095  0.328358
## Y   0.7272056  1.892946
## 
## Std. Errors:
##   (Intercept) statusquo
## N  0.11122679 0.1268217
## U  0.08618457 0.1034620
## Y  0.10093053 0.1180262
## 
## Residual Deviance: 4383.674 
## AIC: 4395.674
```


---
## Regresión logística multinomial en la práctica


``` r
mlogit_vote_sq &lt;- multinom(vote ~ statusquo, trace=F, data=plebs_1988)
```

.pull-left[


``` r
plebs_1988$intercept &lt;- 1
X &lt;- plebs_1988[, c("intercept", "statusquo")]; X
```

```
## # A tibble: 2,700 × 2
##    intercept statusquo
##        &lt;dbl&gt;     &lt;dbl&gt;
##  1         1     1.01 
##  2         1    -1.30 
##  3         1     1.23 
##  4         1    -1.03 
##  5         1    -1.10 
##  6         1    -1.05 
##  7         1    -0.786
##  8         1    -1.11 
##  9         1    -1.01 
## 10         1    -1.30 
## # ℹ 2,690 more rows
```
]

.pull-right[

``` r
betas &lt;- coef(mlogit_vote_sq); betas
```

```
##   (Intercept) statusquo
## N   0.4944577 -1.732813
## U   1.1683095  0.328358
## Y   0.7272056  1.892946
```
]

---
## Regresión logística multinomial en la práctica


$$
\hat{Y} = X\beta  = 
`\begin{bmatrix}
1 &amp; x_{11} &amp; x_{12} &amp; \dots &amp; x_{1p} \\
1 &amp; x_{21} &amp; x_{22} &amp; \dots &amp; x_{2p} \\
\vdots &amp; \vdots &amp; \vdots &amp; \ddots &amp; \vdots \\
1 &amp; x_{n1} &amp; x_{n2} &amp; \dots &amp; x_{np}
\end{bmatrix}`
`\begin{bmatrix}
\beta_{01} &amp; \beta_{02} &amp; \dots &amp; \beta_{0(K-1)} \\
\beta_{11} &amp; \beta_{12} &amp; \dots &amp; \beta_{1(K-1)} \\
\vdots &amp; \vdots &amp; \ddots &amp; \vdots \\
\beta_{p1} &amp; \beta_{p2} &amp; \dots &amp; \beta_{p(K-1)}
\end{bmatrix}`
$$



``` r
logit_predictions &lt;- as.matrix(X) %*% t(betas)

#Log-odds observation 1
preds_1 &lt;-logit_predictions[1,]; preds_1
```

```
##         N         U         Y 
## -1.252564  1.499360  2.635673
```

``` r
#Predicted probabilities observation 1
probs_1 &lt;- exp(preds_1)/(1 + sum(exp(preds_1)))
probs_1
```

```
##          N          U          Y 
## 0.01449342 0.22715193 0.70763776
```

---
## Regresión logística multinomial en la práctica


``` r
mlogit_vote_sq &lt;- multinom(vote ~ statusquo, trace=F, data=plebs_1988); 
predict(mlogit_vote_sq, type="prob")
```

```
##                A            N          U           Y
## 1    0.050716893 0.0144934209 0.22715193 0.707637759
## 2    0.053265376 0.8253143700 0.11194283 0.009477428
## 3    0.036664919 0.0071254341 0.17666348 0.779546171
## 4    0.074722038 0.7320542336 0.17128702 0.021936706
## 5    0.068409846 0.7610229141 0.15308661 0.017480628
## 6    0.073394570 0.7382650461 0.16740532 0.020935066
## 7    0.096565744 0.6183924461 0.23993279 0.045109025
## 8    0.067691543 0.7642320882 0.15105601 0.017020354
## 9    0.076364396 0.7242779090 0.17613059 0.023227103
## 10   0.053265376 0.8253143700 0.11194283 0.009477428
## 11   0.029727114 0.0045726094 0.14972412 0.815976153
## 12   0.049340833 0.0136267396 0.22242366 0.714608767
## 13   0.026626658 0.0036352765 0.13717334 0.832564730
## 14   0.023666278 0.0028503366 0.12485382 0.848629567
## 16   0.065322288 0.7746976108 0.14441544 0.015564666
## 17   0.090400365 0.6530345314 0.21954393 0.037021176
## 18   0.085818099 0.6773298473 0.20494771 0.031904344
## 19   0.031805326 0.0052695444 0.15795211 0.804973015
## 20   0.072423078 0.7427692649 0.16458306 0.020224599
## 21   0.028811252 0.0042831499 0.14605203 0.820853566
## 22   0.025714089 0.0033820652 0.13341230 0.837491546
## 23   0.022109577 0.0024791992 0.11823153 0.857179694
## 24   0.019783577 0.0019764841 0.10813328 0.870106656
## 25   0.022931202 0.0026715703 0.12173975 0.852657474
## 26   0.087846532 0.0552196215 0.33885583 0.518078013
## 27   0.031143366 0.0050414397 0.15534670 0.808468494
## 28   0.118872950 0.1490255293 0.40231049 0.329791030
## 29   0.087082011 0.6707394533 0.20892985 0.033248686
## 30   0.053265376 0.8253143700 0.11194283 0.009477428
## 31   0.023549139 0.0028214250 0.12435910 0.849270339
## 32   0.053800578 0.0165625529 0.23758876 0.692048112
## 33   0.118872950 0.1490255293 0.40231049 0.329791030
## 34   0.040262868 0.0087152832 0.19007690 0.760944947
## 35   0.053265376 0.8253143700 0.11194283 0.009477428
## 36   0.125873727 0.3794674188 0.36074840 0.133910450
## 37   0.026732172 0.0036652094 0.13760617 0.831996445
## 38   0.111682215 0.1159716463 0.39171015 0.380635991
## 39   0.121350079 0.1642462656 0.40477383 0.309629824
## 40   0.073274107 0.0344418459 0.29864915 0.593634896
## 41   0.051132211 0.0147617496 0.22857032 0.705535716
## 42   0.064513880 0.7782273975 0.14216950 0.015089221
## 43   0.027982129 0.0040302575 0.14270251 0.825285105
## 44   0.090609185 0.0601639990 0.34590229 0.503324530
## 45   0.066702526 0.0273654699 0.27896355 0.626968458
## 46   0.089727113 0.0585436606 0.34367396 0.508055265
## 47   0.024370962 0.0030276769 0.12781798 0.844783385
## 48   0.092776024 0.0643211501 0.35128796 0.491614861
## 49   0.031598609 0.0051976924 0.15714002 0.806063683
## 50   0.022109577 0.0024791992 0.11823153 0.857179694
## 51   0.031364896 0.0051171352 0.15622020 0.807297768
## 52   0.048915204 0.0133655278 0.22095216 0.716767109
## 53   0.060263213 0.0215113669 0.25876850 0.659456917
## 54   0.122762211 0.4199986142 0.34349665 0.113742525
## 55   0.073977065 0.7355478038 0.16910499 0.021370138
## 56   0.068755039 0.7594745735 0.15406534 0.017705048
## 57   0.125091942 0.3908421465 0.35608634 0.127979572
## 58   0.035793465 0.0067685651 0.17335990 0.784078069
## 59   0.020421699 0.0021083063 0.11092911 0.866540884
## 60   0.030473437 0.0048164303 0.15269537 0.812014761
## 61   0.031364896 0.0051171352 0.15622020 0.807297768
## 62   0.065971082 0.0266497998 0.27671470 0.630664419
## 63   0.119207412 0.4567205737 0.32647110 0.097600918
## 64   0.048229921 0.0129516696 0.21857395 0.720244461
## 65   0.092520747 0.6413933919 0.22645330 0.039632563
## 66   0.020699080 0.0021670351 0.11213828 0.864995610
## 67   0.058311070 0.0199244983 0.25246816 0.669296274
## 68   0.090016930 0.0590716154 0.34440836 0.506503092
## 69   0.025828257 0.0034131895 0.13388457 0.836873986
## 70   0.113989301 0.1252571961 0.39553860 0.365214905
## 71   0.116931969 0.4773191955 0.31641589 0.089332943
## 72   0.068232479 0.7618169372 0.15258445 0.017366135
## 73   0.047058933 0.0122633628 0.21448417 0.726193530
## 74   0.052729442 0.8274682006 0.11054974 0.009252615
## 75   0.111002412 0.1134171994 0.39052039 0.385059997
## 76   0.090886717 0.6503879752 0.22111970 0.037605611
## 77   0.117061609 0.1394221127 0.40004701 0.343469265
## 78   0.053265376 0.8253143700 0.11194283 0.009477428
## 79   0.127100568 0.2193819545 0.40486446 0.248653017
## 80   0.024615198 0.0030905143 0.12884059 0.843453694
## 81   0.112442935 0.5137700502 0.29783750 0.075949514
## 82   0.061240681 0.7923123568 0.13317788 0.013269086
## 83   0.049663228 0.0138267398 0.22353542 0.712974612
## 84   0.078192408 0.7154983253 0.18157621 0.024733061
## 85   0.068166653 0.7621113553 0.15239821 0.017323784
## 86   0.020699080 0.0021670351 0.11213828 0.864995610
## 87   0.129087489 0.2733954421 0.39555698 0.201960085
## 88   0.114442699 0.1272062872 0.39624960 0.362101416
## 89   0.066752658 0.7684011145 0.14841405 0.016432183
## 90   0.121195492 0.1632091333 0.40464598 0.310949390
## 91   0.065000289 0.7761060416 0.14351965 0.015374023
## 92   0.049663228 0.0138267398 0.22353542 0.712974612
## 93   0.061755410 0.7901190326 0.13458109 0.013544472
## 94   0.047410931 0.0124677862 0.21571702 0.724404263
## 95   0.102983420 0.5793588910 0.26223756 0.055420130
## 96   0.020296985 0.0020821836 0.11038425 0.867236579
## 97   0.110408213 0.1112454664 0.38945929 0.388887030
## 99   0.117128303 0.4756086361 0.31726370 0.089999356
## 100  0.106595530 0.5556766729 0.27538375 0.062344048
## 101  0.079507450 0.7090985143 0.18553000 0.025864039
## 102  0.073447883 0.0346457825 0.29915697 0.592749366
## 103  0.077195196 0.0392744598 0.30994558 0.573584764
## 104  0.034261384 0.0061669814 0.16749805 0.792073589
## 105  0.119035264 0.1499418233 0.40249621 0.328526703
## 106  0.053265376 0.8253143700 0.11194283 0.009477428
## 107  0.102571582 0.5819724795 0.26076810 0.054687843
## 108  0.052718528 0.8275119831 0.11052142 0.009248073
## 109  0.128892389 0.2610831096 0.39830885 0.211715654
## 110  0.062662554 0.7862341144 0.13706382 0.014039510
## 111  0.103556959 0.5756912528 0.26429355 0.056458237
## 112  0.125918199 0.2038120196 0.40601292 0.264256864
## 114  0.102561497 0.5820362740 0.26073218 0.054670046
## 115  0.022109577 0.0024791992 0.11823153 0.857179694
## 116  0.096821436 0.6169005479 0.24079886 0.045479155
## 117  0.112227980 0.1180791687 0.39264585 0.377047002
## 119  0.036275529 0.0069646447 0.17519005 0.781569773
## 120  0.026732172 0.0036652094 0.13760617 0.831996445
## 121  0.053265376 0.8253143700 0.11194283 0.009477428
## 122  0.020699080 0.0021670351 0.11213828 0.864995610
## 123  0.035350567 0.0065912990 0.17167247 0.786385662
## 124  0.122874125 0.4187166693 0.34406841 0.114340793
## 125  0.128879688 0.2605015680 0.39843048 0.212188260
## 126  0.128053163 0.3382870058 0.37629293 0.157366898
## 127  0.028220573 0.0041021014 0.14366828 0.824009047
## 128  0.121956239 0.1684473997 0.40523591 0.304360455
## 129  0.053265376 0.8253143700 0.11194283 0.009477428
## 130  0.025606173 0.0033527904 0.13296543 0.838075603
## 131  0.053265376 0.8253143700 0.11194283 0.009477428
## 132  0.074717664 0.7320748062 0.17127418 0.021933346
## 133  0.053265376 0.8253143700 0.11194283 0.009477428
## 134  0.076334787 0.0381715246 0.30749597 0.577997717
## 135  0.059020139 0.8016842094 0.12717013 0.012125519
## 136  0.053265376 0.8253143700 0.11194283 0.009477428
## 137  0.076385533 0.7241771504 0.17619323 0.023244089
## 138  0.124752089 0.3954815774 0.35414310 0.125623237
## 139  0.120520808 0.4439268271 0.33253968 0.103012682
## 140  0.087707538 0.6674473981 0.21091279 0.033932274
## 141  0.059056103 0.8015335725 0.12726685 0.012143477
## 142  0.123797265 0.4077399216 0.34889728 0.119565530
## 143  0.058972467 0.8018838248 0.12704197 0.012101743
## 144  0.027873369 0.0039977240 0.14226133 0.825867580
## 145  0.077672626 0.7180083497 0.18002186 0.024297163
## 146  0.024615198 0.0030905143 0.12884059 0.843453694
## 147  0.026345871 0.0035562855 0.13601947 0.834078371
## 148  0.020699080 0.0021670351 0.11213828 0.864995610
## 149  0.103203361 0.5779562978 0.26302467 0.055815675
## 150  0.125337410 0.3873841094 0.35751922 0.129759258
## 151  0.034034564 0.0060806773 0.16662426 0.793260501
## 152  0.068815188 0.7592043674 0.15423608 0.017744369
## 153  0.026312227 0.0035468852 0.13588102 0.834259873
## 154  0.053265376 0.8253143700 0.11194283 0.009477428
## 155  0.101515353 0.5886017342 0.25702487 0.052858039
## 156  0.027422470 0.0038644171 0.14042771 0.828285404
## 157  0.099581246 0.0792540099 0.36732417 0.453840569
## 158  0.026010221 0.0034631228 0.13463625 0.835890410
## 159  0.056113916 0.8137340467 0.11941866 0.010733381
## 160  0.023549139 0.0028214250 0.12435910 0.849270339
## 161  0.120280618 0.4463246511 0.33141305 0.101981685
## 162  0.020013302 0.0020234143 0.10914208 0.868821207
## 163  0.023241259 0.0027462036 0.12305606 0.850956474
## 164  0.117375752 0.4734361569 0.31833719 0.090850899
## 165  0.126193400 0.3744728212 0.36274805 0.136585724
## 166  0.022109577 0.0024791992 0.11823153 0.857179694
## 167  0.029462679 0.0044879368 0.14866685 0.817382537
## 168  0.020699080 0.0021670351 0.11213828 0.864995610
## 169  0.029847055 0.0046113100 0.15020289 0.815338741
## 170  0.020411451 0.0021061531 0.11088437 0.866598029
## 171  0.068518904 0.7605341742 0.15339562 0.017551302
## 172  0.102561497 0.5820362740 0.26073218 0.054670046
## 173  0.074045955 0.7352256134 0.16930638 0.021422049
## 174  0.065216517 0.7751606150 0.14412101 0.015501858
## 175  0.088220176 0.0558663272 0.33982032 0.516093173
## 176  0.038987457 0.0081298818 0.18536284 0.767519826
## 177  0.107062151 0.5525089124 0.27711832 0.063310619
## 178  0.025852987 0.0034199522 0.13398680 0.836740260
## 179  0.027982129 0.0040302575 0.14270251 0.825285105
## 180  0.128942052 0.2635158048 0.39779168 0.209750460
## 181  0.055108284 0.0174950426 0.24194943 0.685447241
## 182  0.063840181 0.0246409479 0.27009738 0.641421494
## 183  0.026538641 0.0036104118 0.13681196 0.833038988
## 184  0.106852608 0.0993023572 0.38273510 0.411109935
## 186  0.021599665 0.0023637260 0.11603925 0.859997363
## 187  0.096796932 0.6170437294 0.24071579 0.045443552
## 188  0.051666557 0.0151116529 0.23038936 0.702832434
## 189  0.129138017 0.2804857800 0.39382577 0.196550436
## 190  0.052587149 0.0157269617 0.23350785 0.698178044
## 191  0.103139212 0.0884356131 0.37511444 0.433310732
## 192  0.031253234 0.0050789006 0.15578011 0.807887751
## 193  0.111942863 0.5175656164 0.29584965 0.074641875
## 194  0.098155274 0.0758619782 0.36408137 0.461901379
## 195  0.019563102 0.0019319982 0.10716265 0.871342247
## 196  0.028395300 0.0041551993 0.14437469 0.823074813
## 197  0.020699080 0.0021670351 0.11213828 0.864995610
## 198  0.027448926 0.0038721691 0.14053550 0.828143404
## 199  0.038287740 0.0078189929 0.18275778 0.771135486
## 200  0.053265376 0.8253143700 0.11194283 0.009477428
## 201  0.124482235 0.3990545234 0.35263057 0.123832669
## 202  0.112725820 0.5116024206 0.29896844 0.076703324
## 203  0.026219574 0.0035210696 0.13549950 0.834759857
## 204  0.125393339 0.1979813007 0.40622884 0.270396518
## 205  0.106477222 0.5564756094 0.27494536 0.062101806
## 206  0.038662822 0.0079847471 0.18415589 0.769196541
## 207  0.127528838 0.2262819693 0.40410933 0.242079859
## 208  0.079271945 0.0420407623 0.31578965 0.562897643
## 209  0.085623076 0.0515053521 0.33304421 0.529827359
## 210  0.081114488 0.7011786528 0.19040392 0.027302935
## 211  0.027512510 0.0038908352 0.14079445 0.827802203
## 212  0.037763420 0.0075907394 0.18079685 0.773848994
## 213  0.023549139 0.0028214250 0.12435910 0.849270339
## 214  0.052213079 0.0154750208 0.23224303 0.700068866
## 215  0.047325454 0.0124179501 0.21541792 0.724838680
## 216  0.105294837 0.0945657073 0.37960666 0.420532798
## 217  0.118899583 0.1491751942 0.40234117 0.329584051
## 218  0.068528207 0.7604924641 0.15342199 0.017557340
## 219  0.047387364 0.0124540332 0.21563457 0.724524033
## 220  0.125369812 0.1977316097 0.40623532 0.270663257
## 221  0.093186768 0.6376802892 0.22864509 0.040487855
## 222  0.085427638 0.6793495935 0.20372403 0.031498742
## 223  0.092716511 0.6403048857 0.22709644 0.039882164
## 224  0.031326491 0.0051039663 0.15606888 0.807500659
## 225  0.026028351 0.0034681199 0.13471107 0.835792460
## 226  0.119149129 0.1505906370 0.40262467 0.327635569
## 228  0.108178068 0.5448213900 0.28130337 0.065697177
## 229  0.070673091 0.7507975875 0.15953814 0.018991183
## 230  0.096287790 0.6200088536 0.23899327 0.044710088
## 231  0.109702872 0.1087376154 0.38817514 0.393384371
## 232  0.086753483 0.6724603142 0.20789164 0.032894560
## 233  0.053265376 0.8253143700 0.11194283 0.009477428
## 234  0.053265376 0.8253143700 0.11194283 0.009477428
## 235  0.084303314 0.6851237686 0.20021733 0.030355585
## 236  0.111682003 0.5195276980 0.29481830 0.073971995
## 237  0.029777120 0.0045887220 0.14992379 0.815710367
## 238  0.086365877 0.0527212082 0.33499935 0.525913560
## 239  0.129129723 0.2917905481 0.39085813 0.188221595
## 240  0.023321738 0.0027657591 0.12339706 0.850515444
## 241  0.123315180 0.1787703878 0.40601073 0.291903706
## 242  0.070216572 0.0309995750 0.28960654 0.609177311
## 243  0.070652523 0.7508913022 0.15947914 0.018977033
## 244  0.026538641 0.0036104118 0.13681196 0.833038988
## 245  0.125868950 0.2032421846 0.40603940 0.264849464
## 246  0.030555322 0.0048436196 0.15302023 0.811580825
## 247  0.064463782 0.7784454648 0.14203065 0.015060104
## 248  0.050334613 0.0142492210 0.22584282 0.709573347
## 249  0.113520476 0.1232872118 0.39478843 0.368403883
## 250  0.102237450 0.5840809343 0.25958003 0.054101590
## 252  0.035522745 0.0066598850 0.17232915 0.785488222
## 253  0.082010423 0.0459267036 0.32334549 0.548717382
## 254  0.120628886 0.1595172014 0.40414520 0.315708711
## 255  0.061365338 0.7917819050 0.13351734 0.013335417
## 256  0.036424015 0.0070257044 0.17575243 0.780797851
## 257  0.036026164 0.0068628058 0.17424418 0.782866847
## 258  0.114475795 0.4978374016 0.30607506 0.081611746
## 259  0.062202432 0.7882077421 0.13580297 0.013786857
## 260  0.029178833 0.0043980420 0.14752930 0.818893830
## 261  0.086322082 0.0526488389 0.33488446 0.526144622
## 262  0.065470346 0.7740488989 0.14482786 0.015652893
## 263  0.086753483 0.6724603142 0.20789164 0.032894560
## 264  0.126589435 0.3679366805 0.36531952 0.140154361
## 265  0.081834680 0.6975929528 0.19260353 0.027968836
## 266  0.074469360 0.7332415049 0.17054588 0.021743250
## 267  0.109719370 0.1087954356 0.38820548 0.393279719
## 268  0.129030641 0.3021362133 0.38793171 0.180901437
## 269  0.053616480 0.0164339591 0.23697176 0.692977798
## 270  0.064444124 0.0251989958 0.27198282 0.638374056
## 271  0.046059945 0.0116946600 0.21096893 0.731276462
## 272  0.116482969 0.4811889193 0.31448964 0.087838476
## 273  0.053265376 0.8253143700 0.11194283 0.009477428
## 274  0.092786780 0.6399135805 0.22732752 0.039972121
## 275  0.060880303 0.7938432509 0.13219783 0.013078620
## 276  0.128141060 0.2382256580 0.40247591 0.231157372
## 277  0.088843045 0.6614183821 0.21453334 0.035205232
## 278  0.021865653 0.0024235884 0.11718427 0.858526486
## 279  0.116924841 0.4773810834 0.31638518 0.089308900
## 280  0.029215061 0.0044094583 0.14767464 0.818700844
## 281  0.058232232 0.8049749363 0.12505619 0.011736644
## 282  0.036960908 0.0072491022 0.17778057 0.778009420
## 283  0.027718232 0.0039515728 0.14163128 0.826698917
## 284  0.058318740 0.0199305723 0.25249308 0.669257612
## 285  0.058232232 0.8049749363 0.12505619 0.011736644
## 286  0.100542647 0.0816297264 0.36947267 0.448354953
## 287  0.053265376 0.8253143700 0.11194283 0.009477428
## 288  0.128982367 0.2657261340 0.39731026 0.207981240
## 289  0.120825031 0.4408489568 0.33397842 0.104347594
## 290  0.077280057 0.7198968417 0.17885107 0.023972035
## 291  0.083129831 0.6910861352 0.19658358 0.029200455
## 292  0.086683465 0.6728263555 0.20767066 0.032819518
## 293  0.067246479 0.7662119513 0.14980191 0.016739659
## 294  0.053265376 0.8253143700 0.11194283 0.009477428
## 295  0.058232232 0.8049749363 0.12505619 0.011736644
## 296  0.129123390 0.2928703676 0.39056186 0.187444380
## 297  0.115364736 0.1313117267 0.39764923 0.355674309
## 298  0.123319817 0.1788080915 0.40601266 0.291859430
## 299  0.091266892 0.0613987445 0.34755041 0.499783954
## 300  0.122140949 0.1697729099 0.40536354 0.302722600
## 302  0.039796480 0.0084983871 0.18835817 0.763346962
## 303  0.029425730 0.0044761767 0.14851892 0.817579170
## 304  0.050119013 0.0141126653 0.22510300 0.710665322
## 305  0.124011784 0.1846583336 0.40623814 0.285091746
## 306  0.068445643 0.0291268011 0.28427627 0.618151285
## 307  0.025492014 0.0033219750 0.13249222 0.838693790
## 308  0.077456825 0.7190472437 0.17937793 0.024118003
## 309  0.053265376 0.8253143700 0.11194283 0.009477428
## 310  0.093711315 0.6347361005 0.23037877 0.041173818
## 311  0.104117307 0.5720757615 0.26631325 0.057493679
## 313  0.074859423 0.7314076853 0.17169044 0.022042450
## 314  0.093955475 0.0666956345 0.35416522 0.485183667
## 315  0.053265376 0.8253143700 0.11194283 0.009477428
## 316  0.081137704 0.7010634197 0.19047468 0.027324194
## 317  0.037729764 0.0075762248 0.18067072 0.774023296
## 318  0.061664777 0.7905058069 0.13433372 0.013495695
## 319  0.089657257 0.0584170450 0.34349662 0.508429082
## 320  0.031229173 0.0050706833 0.15568523 0.808014911
## 321  0.080922549 0.7021304288 0.18981932 0.027127699
## 322  0.088594695 0.6627429402 0.21373914 0.034923221
## 323  0.071984459 0.0329566745 0.29485986 0.600199006
## 324  0.097009488 0.6158002540 0.24143694 0.045753317
## 325  0.045823371 0.0115624416 0.21013291 0.732481281
## 326  0.107325007 0.1007942635 0.38366299 0.408217737
## 327  0.048696112 0.0132323169 0.22019303 0.717878539
## 328  0.056113916 0.8137340467 0.11941866 0.010733381
## 329  0.053265376 0.8253143700 0.11194283 0.009477428
## 330  0.023321738 0.0027657591 0.12339706 0.850515444
## 331  0.116719366 0.4791587227 0.31550165 0.088620265
## 332  0.038832751 0.0080605230 0.18478802 0.768318705
## 333  0.053265376 0.8253143700 0.11194283 0.009477428
## 334  0.053265376 0.8253143700 0.11194283 0.009477428
## 335  0.110421423 0.5288460168 0.28988612 0.070846442
## 336  0.067068839 0.7670003645 0.14930222 0.016628574
## 337  0.125412012 0.3863138444 0.35795997 0.130314169
## 338  0.055713177 0.8153768101 0.11835966 0.010550348
## 339  0.122889660 0.1753875843 0.40581119 0.295911562
## 340  0.053265376 0.8253143700 0.11194283 0.009477428
## 341  0.056113916 0.8137340467 0.11941866 0.010733381
## 342  0.053265376 0.8253143700 0.11194283 0.009477428
## 343  0.053265376 0.8253143700 0.11194283 0.009477428
## 344  0.061006139 0.7933091384 0.13253981 0.013144908
## 345  0.065438073 0.7741903605 0.14473794 0.015633631
## 346  0.127372311 0.3534924266 0.37081193 0.148323333
## 347  0.059165641 0.8010745450 0.12756153 0.012198285
## 348  0.020699080 0.0021670351 0.11213828 0.864995610
## 349  0.053265376 0.8253143700 0.11194283 0.009477428
## 350  0.128944621 0.3075905433 0.38631215 0.177152688
## 351  0.127061282 0.3595210433 0.36855221 0.144865468
## 352  0.026487661 0.0035960535 0.13660252 0.833313770
## 353  0.074369765 0.7337088162 0.17025406 0.021667363
## 354  0.041000432 0.0090650235 0.19278313 0.757151413
## 355  0.108419976 0.5431332344 0.28221769 0.066229099
## 356  0.077845704 0.0401248831 0.31178660 0.570242816
## 357  0.086705907 0.6727090614 0.20774148 0.032843554
## 359  0.083799324 0.6876924215 0.19865345 0.029854809
## 360  0.070486361 0.7516478792 0.15900276 0.018863004
## 361  0.077762591 0.0400154220 0.31155190 0.570670082
## 362  0.068833820 0.0295299878 0.28545044 0.616185754
## 363  0.035106199 0.0064946672 0.17073897 0.787660165
## 364  0.020699080 0.0021670351 0.11213828 0.864995610
## 365  0.020344951 0.0020922098 0.11059390 0.866968944
## 366  0.056075091 0.0182062779 0.24514868 0.680569951
## 367  0.071399634 0.7474776100 0.16162661 0.019496150
## 368  0.053265376 0.8253143700 0.11194283 0.009477428
## 370  0.077498381 0.7188473326 0.17950186 0.024152421
## 371  0.106990181 0.5529992496 0.27685020 0.063160365
## 372  0.065393401 0.7743861181 0.14461348 0.015606997
## 373  0.065180179 0.7753196034 0.14401990 0.015480321
## 374  0.053265376 0.8253143700 0.11194283 0.009477428
## 375  0.064577969 0.7779483154 0.14234719 0.015126529
## 376  0.053265376 0.8253143700 0.11194283 0.009477428
## 377  0.070553149 0.7513438918 0.15919418 0.018908776
## 378  0.053265376 0.8253143700 0.11194283 0.009477428
## 379  0.053265376 0.8253143700 0.11194283 0.009477428
## 380  0.053265376 0.8253143700 0.11194283 0.009477428
## 381  0.099194482 0.6028184082 0.24892213 0.049064976
## 382  0.104119808 0.0911664587 0.37718052 0.427533214
## 383  0.089612739 0.6572917244 0.21700317 0.036092364
## 384  0.101583186 0.5881791078 0.25726419 0.052973519
## 385  0.025126344 0.0032243254 0.13097303 0.840676301
## 386  0.065354532 0.7745563935 0.14450522 0.015583850
## 387  0.022109577 0.0024791992 0.11823153 0.857179694
## 388  0.078449514 0.7142527015 0.18234680 0.024950980
## 389  0.118862881 0.1489690171 0.40229887 0.329869232
## 390  0.077948791 0.7166761146 0.18084711 0.024527986
## 391  0.096574539 0.0722741914 0.36041136 0.470739913
## 392  0.117271989 0.1404833914 0.40032668 0.341917937
## 393  0.099279890 0.6023033143 0.24921746 0.049199336
## 394  0.125491601 0.3851615848 0.35843304 0.130913775
## 395  0.098952460 0.0777394031 0.36590237 0.457405762
## 396  0.083903086 0.0487819733 0.32846549 0.538849455
## 397  0.066982613 0.7673826860 0.14905985 0.016574847
## 398  0.038901581 0.0080913377 0.18504384 0.767963238
## 399  0.101535707 0.5884749653 0.25709667 0.052892661
## 400  0.069345672 0.7568160140 0.15574435 0.018093964
## 401  0.082722776 0.0469845007 0.32528245 0.545010270
## 403  0.061462126 0.7913697254 0.13378107 0.013387077
## 404  0.086747199 0.6724931741 0.20787181 0.032887820
## 405  0.127495341 0.3509760325 0.37174092 0.149787706
## 406  0.033330213 0.0058171521 0.16390088 0.796951753
## 407  0.044062454 0.0106073516 0.20386656 0.741463638
## 408  0.099355422 0.0787065541 0.36681504 0.455122985
## 409  0.108285298 0.1039121007 0.38551785 0.402284752
## 410  0.035453686 0.0066323261 0.17206587 0.785848120
## 411  0.026219574 0.0035210696 0.13549950 0.834759857
## 412  0.078878168 0.7121699252 0.18363417 0.025317738
## 413  0.108174920 0.5448433019 0.28129149 0.065690291
## 414  0.121062638 0.1623283128 0.40453303 0.312076018
## 415  0.026076890 0.0034815182 0.13491133 0.835530259
## 416  0.112458251 0.5136530808 0.29789861 0.075990061
## 417  0.042162945 0.0096332377 0.19701949 0.751184332
## 418  0.053265376 0.8253143700 0.11194283 0.009477428
## 419  0.127978536 0.3401347643 0.37564415 0.156242550
## 420  0.069146849 0.7577122704 0.15517853 0.017962346
## 421  0.067290085 0.7660182588 0.14992465 0.016767010
## 422  0.047439222 0.0124843086 0.21581598 0.724260491
## 423  0.025183285 0.0032394255 0.13120994 0.840367351
## 424  0.046503734 0.0119452185 0.21253354 0.729017512
## 426  0.056113916 0.8137340467 0.11941866 0.010733381
## 427  0.053265376 0.8253143700 0.11194283 0.009477428
## 428  0.053265376 0.8253143700 0.11194283 0.009477428
## 429  0.053265376 0.8253143700 0.11194283 0.009477428
## 430  0.070279489 0.0310677016 0.28979466 0.608858144
## 431  0.036787231 0.0071763860 0.17712540 0.778910983
## 432  0.053265376 0.8253143700 0.11194283 0.009477428
## 433  0.067875004 0.7634140669 0.15157387 0.017137055
## 434  0.129134937 0.2907474566 0.39114225 0.188975353
## 435  0.053265376 0.8253143700 0.11194283 0.009477428
## 436  0.128944986 0.3075700949 0.38631832 0.177166604
## 437  0.109125661 0.1067392518 0.38710516 0.397029929
## 438  0.062089704 0.7886902908 0.13549456 0.013725450
## 439  0.074806910 0.7316549034 0.17153620 0.022001984
## 440  0.069520077 0.0302527691 0.28751827 0.612708881
## 441  0.111433316 0.1150274804 0.39127760 0.382261601
## 442  0.059716704 0.7987599529 0.12904675 0.012476597
## 443  0.053265376 0.8253143700 0.11194283 0.009477428
## 444  0.121062638 0.1623283128 0.40453303 0.312076018
## 445  0.121062638 0.1623283128 0.40453303 0.312076018
## 446  0.080306204 0.7051759125 0.18794664 0.026571240
## 447  0.109125661 0.1067392518 0.38710516 0.397029929
## 448  0.083729394 0.6880478809 0.19843684 0.029785884
## 449  0.054789475 0.8191463011 0.11592777 0.010136453
## 450  0.084839811 0.6823761264 0.20188753 0.030896535
## 451  0.033047646 0.0057133244 0.16280405 0.798434980
## 452  0.107953291 0.1028209218 0.38488140 0.404344383
## 454  0.053265376 0.8253143700 0.11194283 0.009477428
## 455  0.029425730 0.0044761767 0.14851892 0.817579170
## 456  0.053265376 0.8253143700 0.11194283 0.009477428
## 457  0.053265376 0.8253143700 0.11194283 0.009477428
## 458  0.114127139 0.5006313165 0.30464328 0.080598261
## 459  0.082516400 0.6941774933 0.19469454 0.028611567
## 460  0.089452882 0.0580480328 0.34297704 0.509522045
## 461  0.054550988 0.8201156851 0.11530194 0.010031383
## 462  0.025029104 0.0031986284 0.13056815 0.841204113
## 463  0.038844993 0.0080659988 0.18483353 0.768255475
## 464  0.050685243 0.8356122511 0.10527522 0.008427287
## 465  0.071964146 0.0329336753 0.29479988 0.600302294
## 466  0.053265376 0.8253143700 0.11194283 0.009477428
## 467  0.115578851 0.1322938175 0.39796495 0.354162376
## 468  0.053265376 0.8253143700 0.11194283 0.009477428
## 469  0.053265376 0.8253143700 0.11194283 0.009477428
## 470  0.053265376 0.8253143700 0.11194283 0.009477428
## 471  0.044833737 0.0110194213 0.20662071 0.737526130
